06378
87493
64890
27843
49761
36045
96837
58930
02863
62490
68539
31706
31875
09867
71560
95324
64503
47968
07169
02594
79134
19536
26701
95846
86459
52983
25436
90653
67051
79210
31980
95680
27905
46572
93240
65823
17942
73096
10628
61924
57209
10689
35942
31945
68150
60728
96320
90537
26910
73951
18963
30621
52846
42091
53968
96540
74801
31284
51378
90612
73409
62504
75039
32578
76051
73641
32681
51349
17389
49678
18609
07415
01867
70312
32485
21094
54972
94530
79364
51637
13769
25896
06423
49715
91502
69274
36491
76123
18759
50241
10746
67042
50963
61254
07496
60378
36510
68172
76814
46708
83905
54017
26037
39418
04692
47531
94230
29731
01679
48695
04679
86397
96578
81762
02543
07132
91648
71964
04875
89601
45903
52809
31058
58490
36085
68403
17063
12506
20789
57264
34521
04168
17963
39127
91607
15840
78340
27364
26937
71294
06473
13278
53729
26794
59108
32061
23985
46932
38657
26957
17549
37650
35614
52731
98142
62904
60814
14865
64571
41586
92574
40832
13504
67439
49813
39625
54196
61253
97134
90412
98753
63915
75842
12760
63874
92406
74952
95823
89362
37461
54162
17932
54983
10748
05431
35897
75948
81793
62319
38197
14269
35016
14968
41762
91563
15982
27051
82193
95784
92450
27941
89735
34796
15983
87605
07943
03812
10793
74621
98207
26075
34589
46581
92713
57043
54329
19754
90471
83054
08975
49307
62504
98716
81362
29853
90851
02487
25784
73821
15236
58094
92673
63052
08253
17632
41860
47832
78965
60478
91743
69701
24506
78461
10826
81756
08316
30976
70932
46512
86301